crossing time (s)	slope (V/s)	crossing number
281474976710655.000000	4.172653	621	2140435200.000000
281474976710655.000000	4.266865	622	2141476608.000000
281474976710655.000000	4.364021	623	2142519424.000000
281474976710655.000000	4.442547	624	2143560960.000000
281474976710655.000000	4.592654	625	2144603136.000000
281474976710655.000000	4.728364	626	2145647872.000000
281474976710655.000000	4.871218	627	2146688768.000000
281474976710655.000000	5.045159	628	2147732992.000000
281474976710655.000000	5.151534	629	2148772352.000000
281474976710655.000000	5.268793	630	2149815552.000000
281474976710655.000000	5.387334	631	2150856448.000000
281474976710655.000000	5.558175	632	2151901696.000000
281474976710655.000000	5.742094	633	2152942592.000000
281474976710655.000000	5.940480	634	2153986560.000000
281474976710655.000000	6.080015	635	2155025920.000000
281474976710655.000000	6.232583	636	2156069888.000000
281474976710655.000000	6.304053	637	2157110784.000000
281474976710655.000000	6.452124	638	2158155776.000000
281474976710655.000000	6.665751	639	2159195392.000000
281474976710655.000000	6.842442	640	2160240128.000000
281474976710655.000000	7.080539	641	2161279232.000000
281474976710655.000000	7.188239	642	2162323712.000000
281474976710655.000000	7.285246	643	2163363584.000000
281474976710655.000000	7.374036	644	2164407296.000000
281474976710655.000000	7.500781	645	2165447424.000000
281474976710655.000000	7.722534	646	2166491136.000000
281474976710655.000000	7.890246	647	2167532032.000000
281474976710655.000000	8.023063	648	2168575744.000000
281474976710655.000000	8.039618	649	2169615872.000000
281474976710655.000000	8.237484	650	2170658816.000000
281474976710655.000000	8.217072	651	2171699712.000000
281474976710655.000000	8.470133	652	2172742656.000000
281474976710655.000000	8.598698	653	2173782784.000000
281474976710655.000000	8.767759	654	2174825472.000000
281474976710655.000000	8.612662	655	2175866368.000000
281474976710655.000000	8.772518	656	2176908800.000000
281474976710655.000000	8.977800	657	2177950976.000000
281474976710655.000000	9.121907	658	2178992640.000000
281474976710655.000000	9.166661	659	2180033792.000000
281474976710655.000000	9.290749	660	2181075456.000000
281474976710655.000000	9.354055	661	2182117632.000000
281474976710655.000000	9.448720	662	2183158528.000000
281474976710655.000000	9.704189	663	2184201472.000000
281474976710655.000000	9.745404	664	2185241856.000000
281474976710655.000000	10.049595	665	0.000000
281474976710655.000000	10.228850	666	0.000000
281474976710655.000000	9.927820	667	0.000000
281474976710655.000000	9.569538	668	0.000000
281474976710655.000000	9.476729	669	0.000000
281474976710655.000000	9.693309	670	0.000000
281474976710655.000000	9.666863	671	0.000000
281474976710655.000000	9.591723	672	0.000000
281474976710655.000000	9.539259	673	0.000000
281474976710655.000000	9.349333	674	0.000000
281474976710655.000000	9.175219	675	0.000000
281474976710655.000000	9.591153	676	0.000000
281474976710655.000000	9.542993	677	0.000000
281474976710655.000000	9.570288	678	0.000000
281474976710655.000000	9.224018	679	0.000000
281474976710655.000000	9.124249	680	0.000000
281474976710655.000000	9.023370	681	0.000000
281474976710655.000000	9.177277	682	0.000000
281474976710655.000000	9.265412	683	0.000000
281474976710655.000000	9.208165	684	0.000000
281474976710655.000000	9.065533	685	0.000000
281474976710655.000000	8.785227	686	0.000000
281474976710655.000000	3.397537	687	0.000000
281474976710655.000000	3.408671	688	0.000000
281474976710655.000000	3.357278	689	0.000000
281474976710655.000000	3.351573	690	0.000000
281474976710655.000000	3.331650	691	0.000000
281474976710655.000000	3.353978	692	0.000000
281474976710655.000000	3.368005	693	0.000000
281474976710655.000000	3.369380	694	0.000000
281474976710655.000000	3.328780	695	0.000000
281474976710655.000000	3.323231	696	0.000000
281474976710655.000000	3.288885	697	2221619200.000000
281474976710655.000000	3.332488	698	2222669568.000000
281474976710655.000000	3.437066	699	2223709184.000000
281474976710655.000000	3.544907	700	2224753920.000000
281474976710655.000000	3.623132	701	2225792512.000000
281474976710655.000000	3.807026	702	2226838272.000000
281474976710655.000000	3.866531	703	2227877888.000000
281474976710655.000000	3.960401	704	2228924928.000000
281474976710655.000000	4.092272	705	2229963776.000000
281474976710655.000000	4.173360	706	2231010048.000000
281474976710655.000000	4.331192	707	2232048384.000000
281474976710655.000000	4.444869	708	2233094144.000000
281474976710655.000000	4.545072	709	2234134016.000000
281474976710655.000000	4.703449	710	2235179776.000000
281474976710655.000000	4.819339	711	2236218880.000000
281474976710655.000000	4.911768	712	2237264640.000000
281474976710655.000000	5.116996	713	2238304256.000000
281474976710655.000000	5.221954	714	2239348480.000000
281474976710655.000000	5.337585	715	2240389120.000000
281474976710655.000000	5.506352	716	2241433600.000000
281474976710655.000000	5.620071	717	2242474752.000000
281474976710655.000000	5.764966	718	2243517952.000000
281474976710655.000000	5.941523	719	2244558080.000000
281474976710655.000000	6.061606	720	2245601024.000000
281474976710655.000000	6.249197	721	2246643456.000000
281474976710655.000000	6.372364	722	2247685888.000000
281474976710655.000000	6.466046	723	2248727296.000000
281474976710655.000000	6.609799	724	2249770752.000000
281474976710655.000000	6.838699	725	2250811392.000000
281474976710655.000000	6.873112	726	2251855104.000000
281474976710655.000000	7.099325	727	2252894976.000000
281474976710655.000000	7.306685	728	2253938432.000000
281474976710655.000000	7.400193	729	2254980096.000000
281474976710655.000000	7.603909	730	2256023296.000000
281474976710655.000000	7.608531	731	2257064448.000000
281474976710655.000000	7.871182	732	2258107136.000000
281474976710655.000000	7.983673	733	2259147264.000000
281474976710655.000000	8.209652	734	2260191488.000000
281474976710655.000000	8.326797	735	2261231360.000000
281474976710655.000000	8.453268	736	2262274560.000000
281474976710655.000000	8.506846	737	2263315456.000000
281474976710655.000000	8.768494	738	2264357376.000000
281474976710655.000000	9.131843	739	2265399808.000000
281474976710655.000000	9.123558	740	2266441984.000000
281474976710655.000000	9.268859	741	2267482368.000000
281474976710655.000000	9.521842	742	2268525312.000000
281474976710655.000000	9.596413	743	2269565952.000000
281474976710655.000000	9.692564	744	2270608896.000000
281474976710655.000000	9.693135	745	0.000000
281474976710655.000000	9.502987	746	0.000000
281474976710655.000000	9.334723	747	0.000000
281474976710655.000000	9.162204	748	0.000000
281474976710655.000000	8.973288	749	0.000000
281474976710655.000000	9.517707	750	0.000000
281474976710655.000000	9.447577	751	0.000000
281474976710655.000000	9.268843	752	0.000000
281474976710655.000000	9.158615	753	0.000000
281474976710655.000000	8.919016	754	0.000000
281474976710655.000000	8.799621	755	0.000000
281474976710655.000000	8.929169	756	0.000000
281474976710655.000000	9.060088	757	0.000000
281474976710655.000000	9.178872	758	0.000000
281474976710655.000000	9.054434	759	0.000000
281474976710655.000000	8.853786	760	0.000000
281474976710655.000000	8.771373	761	0.000000
281474976710655.000000	8.691257	762	0.000000
281474976710655.000000	8.762578	763	0.000000
281474976710655.000000	8.836658	764	0.000000
281474976710655.000000	8.851605	765	0.000000
281474976710655.000000	8.568283	766	0.000000
281474976710655.000000	8.589569	767	0.000000
281474976710655.000000	8.536918	768	0.000000
281474976710655.000000	8.692723	769	0.000000
281474976710655.000000	8.677926	770	0.000000
281474976710655.000000	8.731999	771	0.000000
281474976710655.000000	8.421181	772	0.000000
281474976710655.000000	8.482652	773	0.000000
281474976710655.000000	8.606850	774	0.000000
281474976710655.000000	8.514218	775	0.000000
281474976710655.000000	8.485800	776	0.000000
281474976710655.000000	8.605839	777	0.000000
281474976710655.000000	8.293437	778	0.000000
281474976710655.000000	8.326351	779	0.000000
281474976710655.000000	8.297642	780	0.000000
281474976710655.000000	8.149744	781	0.000000
281474976710655.000000	8.369403	782	0.000000
281474976710655.000000	8.369589	783	0.000000
281474976710655.000000	8.268164	784	0.000000
281474976710655.000000	8.192714	785	0.000000
281474976710655.000000	8.162788	786	0.000000
281474976710655.000000	8.176221	787	0.000000
281474976710655.000000	8.206936	788	0.000000
281474976710655.000000	8.155622	789	0.000000
281474976710655.000000	8.313000	790	0.000000
281474976710655.000000	8.212585	791	0.000000
281474976710655.000000	8.136230	792	0.000000
281474976710655.000000	8.075011	793	0.000000
281474976710655.000000	8.054176	794	0.000000
281474976710655.000000	8.077330	795	0.000000
281474976710655.000000	8.090636	796	0.000000
281474976710655.000000	8.083071	797	0.000000
281474976710655.000000	8.061494	798	0.000000
281474976710655.000000	7.933102	799	0.000000
281474976710655.000000	8.049222	800	0.000000
281474976710655.000000	8.020732	801	0.000000
281474976710655.000000	7.982955	802	0.000000
281474976710655.000000	7.966084	803	0.000000
281474976710655.000000	7.958282	804	0.000000
281474976710655.000000	7.895468	805	0.000000
281474976710655.000000	7.782324	806	0.000000
281474976710655.000000	7.795027	807	0.000000
281474976710655.000000	7.861499	808	0.000000
281474976710655.000000	7.858704	809	0.000000
281474976710655.000000	7.875386	810	0.000000
281474976710655.000000	7.841489	811	0.000000
281474976710655.000000	7.796081	812	0.000000
281474976710655.000000	7.739941	813	0.000000
281474976710655.000000	7.670198	814	0.000000
281474976710655.000000	7.750293	815	0.000000
281474976710655.000000	7.767248	816	0.000000
281474976710655.000000	7.724776	817	0.000000
281474976710655.000000	7.776059	818	0.000000
281474976710655.000000	7.729895	819	0.000000
281474976710655.000000	7.714467	820	0.000000
281474976710655.000000	7.647971	821	0.000000
281474976710655.000000	7.628494	822	0.000000
281474976710655.000000	7.602903	823	0.000000
281474976710655.000000	7.595541	824	0.000000
281474976710655.000000	7.664608	825	0.000000
281474976710655.000000	7.643781	826	0.000000
281474976710655.000000	7.557971	827	0.000000
281474976710655.000000	7.501394	828	0.000000
281474976710655.000000	7.445203	829	0.000000
281474976710655.000000	7.504232	830	0.000000
281474976710655.000000	7.487112	831	0.000000
281474976710655.000000	7.453074	832	0.000000
281474976710655.000000	7.463609	833	0.000000
281474976710655.000000	7.485708	834	0.000000
281474976710655.000000	7.474029	835	0.000000
281474976710655.000000	7.430980	836	0.000000
281474976710655.000000	7.398265	837	0.000000
281474976710655.000000	7.399030	838	0.000000
281474976710655.000000	7.399942	839	0.000000
281474976710655.000000	7.302610	840	0.000000
281474976710655.000000	7.372589	841	0.000000
281474976710655.000000	7.329399	842	0.000000
281474976710655.000000	7.260006	843	0.000000
281474976710655.000000	7.294226	844	0.000000
281474976710655.000000	7.371791	845	0.000000
281474976710655.000000	7.396138	846	0.000000
281474976710655.000000	7.310210	847	0.000000
281474976710655.000000	7.280111	848	0.000000
281474976710655.000000	7.233421	849	0.000000
281474976710655.000000	7.191272	850	0.000000
281474976710655.000000	7.273303	851	0.000000
281474976710655.000000	7.231615	852	0.000000
281474976710655.000000	7.145004	853	0.000000
281474976710655.000000	7.159752	854	0.000000
281474976710655.000000	7.197839	855	0.000000
281474976710655.000000	7.180893	856	0.000000
281474976710655.000000	7.214835	857	0.000000
281474976710655.000000	7.190042	858	0.000000
281474976710655.000000	7.098942	859	0.000000
281474976710655.000000	7.049608	860	0.000000
281474976710655.000000	7.101812	861	0.000000
281474976710655.000000	7.052485	862	0.000000
281474976710655.000000	7.051405	863	0.000000
281474976710655.000000	6.999587	864	0.000000
281474976710655.000000	7.031718	865	0.000000
281474976710655.000000	7.031159	866	0.000000
281474976710655.000000	7.002810	867	0.000000
281474976710655.000000	7.021714	868	0.000000
281474976710655.000000	6.983619	869	0.000000
281474976710655.000000	6.970966	870	0.000000
281474976710655.000000	6.962994	871	0.000000
281474976710655.000000	6.987721	872	0.000000
281474976710655.000000	6.954909	873	0.000000
281474976710655.000000	6.913564	874	0.000000
281474976710655.000000	6.832042	875	0.000000
281474976710655.000000	6.908053	876	0.000000
281474976710655.000000	6.825788	877	0.000000
281474976710655.000000	6.870258	878	0.000000
281474976710655.000000	6.830484	879	0.000000
281474976710655.000000	6.855063	880	0.000000
281474976710655.000000	6.867933	881	0.000000
281474976710655.000000	6.851159	882	0.000000
281474976710655.000000	6.812057	883	0.000000
281474976710655.000000	6.812453	884	0.000000
281474976710655.000000	6.800731	885	0.000000
281474976710655.000000	6.804651	886	0.000000
281474976710655.000000	6.819121	887	0.000000
281474976710655.000000	6.790251	888	0.000000
281474976710655.000000	6.718815	889	0.000000
281474976710655.000000	6.715018	890	0.000000
281474976710655.000000	6.713371	891	0.000000
281474976710655.000000	6.718966	892	0.000000
281474976710655.000000	6.672982	893	0.000000
281474976710655.000000	6.757449	894	0.000000
281474976710655.000000	6.658769	895	0.000000
281474976710655.000000	6.655596	896	0.000000
281474976710655.000000	6.685258	897	0.000000
281474976710655.000000	6.674591	898	0.000000
281474976710655.000000	6.635280	899	0.000000
281474976710655.000000	6.617247	900	0.000000
281474976710655.000000	6.630272	901	0.000000
281474976710655.000000	6.560418	902	0.000000
281474976710655.000000	6.532435	903	0.000000
281474976710655.000000	6.599467	904	0.000000
281474976710655.000000	6.575282	905	0.000000
281474976710655.000000	6.567882	906	0.000000
281474976710655.000000	6.535945	907	0.000000
281474976710655.000000	6.490748	908	0.000000
281474976710655.000000	6.476788	909	0.000000
281474976710655.000000	6.482610	910	0.000000
281474976710655.000000	6.510128	911	0.000000
281474976710655.000000	6.485569	912	0.000000
281474976710655.000000	6.456799	913	0.000000
281474976710655.000000	6.397265	914	0.000000
281474976710655.000000	6.430503	915	0.000000
281474976710655.000000	6.424847	916	0.000000
281474976710655.000000	6.469966	917	0.000000
281474976710655.000000	6.422563	918	0.000000
281474976710655.000000	6.393908	919	0.000000
281474976710655.000000	6.372158	920	0.000000
281474976710655.000000	6.379906	921	0.000000
281474976710655.000000	6.380741	922	0.000000
281474976710655.000000	6.374985	923	0.000000
281474976710655.000000	6.383748	924	0.000000
281474976710655.000000	6.358151	925	0.000000
281474976710655.000000	6.337583	926	0.000000
281474976710655.000000	6.338010	927	0.000000
281474976710655.000000	6.329625	928	0.000000
281474976710655.000000	6.290693	929	0.000000
281474976710655.000000	6.301515	930	0.000000
281474976710655.000000	6.296721	931	0.000000
281474976710655.000000	6.194278	932	0.000000
281474976710655.000000	6.190480	933	0.000000
281474976710655.000000	6.201468	934	0.000000
281474976710655.000000	6.263165	935	0.000000
281474976710655.000000	6.184632	936	0.000000
281474976710655.000000	6.193230	937	0.000000
281474976710655.000000	6.099048	938	0.000000
281474976710655.000000	6.176833	939	0.000000
281474976710655.000000	6.214844	940	0.000000
281474976710655.000000	6.187854	941	0.000000
281474976710655.000000	6.182501	942	0.000000
281474976710655.000000	6.108068	943	0.000000
281474976710655.000000	6.104455	944	0.000000
281474976710655.000000	6.076958	945	0.000000
281474976710655.000000	6.075441	946	0.000000
281474976710655.000000	6.071223	947	0.000000
281474976710655.000000	6.081250	948	0.000000
281474976710655.000000	6.113471	949	0.000000
281474976710655.000000	6.082662	950	0.000000
281474976710655.000000	6.071798	951	0.000000
281474976710655.000000	6.014433	952	0.000000
281474976710655.000000	6.019644	953	0.000000
281474976710655.000000	6.043764	954	0.000000
281474976710655.000000	5.978687	955	0.000000
281474976710655.000000	5.993419	956	0.000000
281474976710655.000000	5.956398	957	0.000000
281474976710655.000000	5.918006	958	0.000000
281474976710655.000000	5.947190	959	0.000000
281474976710655.000000	5.964969	960	0.000000
281474976710655.000000	5.918342	961	0.000000
281474976710655.000000	5.896374	962	0.000000
281474976710655.000000	5.924236	963	0.000000
281474976710655.000000	5.870866	964	0.000000
281474976710655.000000	5.858278	965	0.000000
281474976710655.000000	5.890987	966	0.000000
281474976710655.000000	5.866420	967	0.000000
281474976710655.000000	5.875830	968	0.000000
281474976710655.000000	5.849107	969	0.000000
281474976710655.000000	5.839328	970	0.000000
281474976710655.000000	5.836485	971	0.000000
281474976710655.000000	5.806837	972	0.000000
281474976710655.000000	5.822013	973	0.000000
281474976710655.000000	5.814620	974	0.000000
281474976710655.000000	5.808599	975	0.000000
281474976710655.000000	5.791913	976	0.000000
281474976710655.000000	5.751969	977	0.000000
281474976710655.000000	5.754567	978	0.000000
281474976710655.000000	5.739254	979	0.000000
281474976710655.000000	5.758668	980	0.000000
281474976710655.000000	5.731780	981	0.000000
281474976710655.000000	5.756568	982	0.000000
281474976710655.000000	5.713134	983	0.000000
281474976710655.000000	5.701569	984	0.000000
281474976710655.000000	5.662571	985	0.000000
281474976710655.000000	5.669754	986	0.000000
281474976710655.000000	5.678712	987	0.000000
281474976710655.000000	5.636681	988	0.000000
281474976710655.000000	5.637537	989	0.000000
281474976710655.000000	5.613842	990	0.000000
281474976710655.000000	5.623556	991	0.000000
281474976710655.000000	5.635418	992	0.000000
281474976710655.000000	5.610578	993	0.000000
281474976710655.000000	5.630396	994	0.000000
281474976710655.000000	5.594608	995	0.000000
281474976710655.000000	5.579895	996	0.000000
281474976710655.000000	5.557212	997	0.000000
281474976710655.000000	5.574986	998	0.000000
281474976710655.000000	5.516142	999	0.000000
281474976710655.000000	5.560076	1000	0.000000
281474976710655.000000	5.554976	1001	0.000000
281474976710655.000000	5.520754	1002	0.000000
281474976710655.000000	5.521100	1003	0.000000
281474976710655.000000	5.485606	1004	0.000000
281474976710655.000000	5.495370	1005	0.000000
281474976710655.000000	5.471263	1006	0.000000
281474976710655.000000	5.492783	1007	0.000000
281474976710655.000000	5.454587	1008	0.000000
281474976710655.000000	5.460262	1009	0.000000
281474976710655.000000	5.417411	1010	0.000000
281474976710655.000000	5.421544	1011	0.000000
281474976710655.000000	5.430130	1012	0.000000
