num crossings	time (s)	maj axis (mm)	min axis (mm)	theta (rad )	slope (V/s)
621	2139.222843	33.339198	0.034168	2.625239	4.045696
623	2141.307894	35.732822	0.582188	2.640841	4.673342
625	2143.392231	50.477013	0.651620	2.712854	5.206270
627	2145.478953	41.353419	1.371202	2.687613	5.334631
629	2147.564371	32.103663	-0.130070	2.668652	5.606665
633	2151.732957	39.806358	0.478077	2.615330	6.115282
635	2153.817858	37.770828	-0.096537	2.588590	6.370574
637	2155.901400	40.910824	0.420227	2.617148	6.688586
641	2160.071525	43.218728	0.217259	2.617713	6.896797
643	2162.155184	42.966791	0.442725	2.656377	7.596483
645	2164.238838	45.992449	0.283456	2.616390	7.507075
647	2166.322634	45.165205	0.259354	2.617365	7.735887
653	2172.574164	50.063104	-0.057207	2.587166	8.442094
657	2176.740306	47.475523	0.104769	2.579107	8.840912
659	2178.824086	48.847760	0.415327	2.592488	9.174366
661	2180.906897	50.751867	0.267711	2.623829	9.062657
677	2197.557400	51.039013	0.319703	2.616280	9.417889
679	2199.637961	51.065481	0.252600	2.617489	9.374461
681	2201.717739	50.050687	0.267119	2.618521	9.059172
683	2203.798053	46.712774	0.359754	2.621455	9.203381
685	2205.877713	46.569892	0.286450	2.617580	9.511960
689	2212.100296	29.296081	-0.425334	2.573059	3.444996
691	2214.180648	29.683096	-0.479386	2.565693	3.523728
693	2216.261925	30.189389	-0.335303	2.584162	3.282786
695	2218.342215	30.093778	-0.422087	2.579870	3.485705
697	2220.417919	30.684590	-0.464514	2.568725	3.273896
699	2222.501191	31.821808	-0.705058	2.537044	3.341885
701	2224.585394	32.671641	3.123196	2.622129	4.700470
703	2226.669716	33.584626	-0.212558	2.609866	4.392638
705	2228.756256	34.634131	0.092877	2.612575	4.720967
707	2230.841459	32.746685	-0.551409	2.536268	5.016993
713	2237.095992	38.122311	-0.022171	2.568380	5.410032
715	2239.179955	33.405596	0.814091	2.624339	5.903081
721	2245.432536	37.118306	0.668772	2.557315	6.590348
723	2247.517209	41.359980	0.278002	2.562935	6.817325
725	2249.602099	37.201800	-0.364464	2.561597	6.833832
727	2251.686490	42.729120	-0.440401	2.525678	7.271580
729	2253.770077	40.472260	0.382306	2.570477	7.651096
731	2255.854486	44.167447	0.523449	2.592083	7.950132
733	2257.938713	57.261396	-4.537124	2.618198	7.801810
737	2262.106161	50.677326	-0.054418	2.579373	8.972937
739	2264.188907	44.002568	1.322482	2.625217	8.798352
741	2266.273324	46.097451	-0.324228	2.516221	9.322639
745	2270.440515	50.941806	0.476017	2.556970	9.648977
747	2272.521677	49.470792	0.042207	2.561716	10.054111
749	2274.603043	47.882031	0.034835	2.560000	9.645626
751	2276.683045	46.100560	0.044647	2.564532	8.885129
753	2278.762255	48.892639	-0.012103	2.565541	9.630174
755	2280.842907	50.364022	-0.000220	2.563143	9.246840
757	2282.923675	50.207179	0.033742	2.562965	8.567945
759	2285.003107	49.546467	0.028065	2.562817	9.189993
761	2287.082912	48.909747	0.037091	2.563477	9.282390
763	2289.163079	49.311870	0.103776	2.562594	8.409627
765	2291.243079	48.973983	0.084055	2.563506	8.421421
767	2293.322285	47.733779	0.224407	2.563289	9.147388
769	2295.404098	47.898136	0.106942	2.563852	8.545193
771	2297.483526	47.285931	0.232009	2.563252	8.642057
773	2299.562637	47.640140	0.195646	2.563832	8.968849
775	2301.643754	48.568337	0.163300	2.563380	8.602151
779	2305.803142	46.656082	0.229322	2.564562	8.760629
783	2309.962782	47.578819	0.117346	2.564671	8.191689
785	2312.042679	48.366520	0.067974	2.565046	8.773797
787	2314.122577	48.286180	0.096732	2.565315	8.069171
789	2316.202145	47.485745	0.101774	2.564863	8.497153
791	2318.283471	46.668359	0.235691	2.564998	8.238889
793	2320.361807	47.044405	0.112156	2.565782	8.175802
795	2322.441701	46.877077	0.117442	2.565382	8.177707
797	2324.522573	47.483662	0.163753	2.565460	8.461252
799	2326.602171	46.484603	0.256487	2.566108	8.086271
801	2328.682458	46.010812	0.141982	2.564859	7.814888
803	2330.761484	45.534525	0.226875	2.565530	8.078162
805	2332.841496	47.255708	0.163186	2.566054	8.004009
807	2334.921358	46.636908	0.207753	2.567184	7.834499
809	2337.000996	40.003106	0.366781	2.568179	7.952138
811	2339.081622	46.517020	0.184857	2.566984	7.878156
813	2341.161224	46.540159	0.214856	2.567139	7.759665
815	2343.240618	42.303836	0.290164	2.569369	7.593397
817	2345.320914	42.419996	0.254529	2.569998	8.087150
819	2347.401222	45.856951	0.249498	2.567377	7.880407
821	2349.481058	44.887458	0.280705	2.567514	7.597548
823	2351.560939	42.886475	0.299588	2.566304	7.724059
825	2353.641830	43.104100	0.319715	2.574436	7.994924
827	2355.721248	43.845408	0.235289	2.568435	7.712313
829	2357.800835	43.919530	0.254263	2.571168	7.277507
831	2359.880786	45.902818	0.250345	2.568375	7.685830
833	2361.960679	44.912359	0.209751	2.569336	7.261629
835	2364.040825	43.600356	0.280795	2.570498	7.526159
837	2366.121601	44.835731	0.276159	2.568178	7.537225
839	2368.201370	45.058333	0.233304	2.569709	7.154154
841	2370.281365	45.302167	0.298926	2.569282	7.329630
843	2372.361094	42.960785	0.427891	2.573379	7.698112
845	2374.441696	42.917086	0.367336	2.571641	7.191667
847	2376.520615	44.552608	0.300306	2.570699	7.377254
849	2378.601465	45.008347	0.275155	2.569775	7.056388
851	2380.681603	44.841016	0.309400	2.570689	7.075063
853	2382.762209	44.871060	0.328561	2.570464	7.285188
855	2384.841213	41.757201	0.363928	2.563990	7.195513
857	2386.921012	43.816395	0.379092	2.572599	7.125823
863	2393.161157	42.160414	0.451370	2.567350	7.163396
865	2395.240330	42.775125	0.499830	2.572783	6.898315
867	2397.320457	43.819481	0.391360	2.573508	6.865779
869	2399.399435	43.693220	0.408637	2.574143	7.093519
871	2401.479602	41.396107	0.397907	2.578330	6.976539
873	2403.558731	42.853393	0.335286	2.574275	6.998747
875	2405.639383	42.943460	0.470559	2.572879	7.133837
877	2407.719966	43.337012	0.398641	2.573210	6.900438
879	2409.800405	43.344239	0.387224	2.573387	6.757794
881	2411.878654	42.947061	0.367570	2.570486	6.737973
883	2413.959412	44.066463	0.357280	2.572511	6.861041
885	2416.038167	43.391706	0.451919	2.574057	7.014915
887	2418.117790	42.885352	0.417222	2.572346	6.825429
889	2420.198223	42.683279	0.453298	2.575040	6.720050
891	2422.277458	42.427004	0.407829	2.575876	6.476819
893	2424.356723	41.798153	0.436176	2.573875	6.580894
895	2426.437803	42.694777	0.474942	2.575301	6.777616
899	2430.597701	43.068987	0.462011	2.575294	6.677352
901	2432.676639	42.045731	0.441509	2.574419	6.534222
903	2434.757905	39.733290	0.506555	2.572093	6.438615
905	2436.836470	39.714550	0.503293	2.574539	6.418433
907	2438.915993	42.582444	0.505406	2.573778	6.704153
909	2440.997153	42.179359	0.534430	2.576562	6.740489
911	2443.077793	42.389552	0.484001	2.576354	6.729286
913	2445.157062	41.534273	0.425597	2.572854	6.680702
915	2447.237476	43.021236	0.374318	2.572875	6.675589
917	2449.316582	41.373237	0.511693	2.579201	6.409588
919	2451.396834	41.007337	0.556306	2.576654	6.577099
921	2453.477088	39.294344	0.323973	2.568121	6.784590
923	2455.557021	42.282652	0.446613	2.575159	6.414807
925	2457.635958	41.343509	0.612116	2.578027	6.144560
927	2459.715784	41.826754	0.547051	2.579320	6.235870
929	2461.797244	40.128220	0.553931	2.578905	6.217810
931	2463.876284	42.106423	0.510851	2.577487	6.155925
933	2465.955755	40.357338	0.552196	2.577702	6.520865
935	2468.035928	42.121223	0.576091	2.575878	6.445758
937	2470.116488	41.016710	0.547412	2.578949	6.147791
939	2472.196008	36.948799	0.672717	2.591608	6.276132
941	2474.275885	39.960817	0.509394	2.580203	6.271425
943	2476.355529	39.131001	0.613950	2.579941	6.196049
945	2478.435981	38.752734	0.688338	2.583553	6.244862
947	2480.515019	39.463166	0.623004	2.584548	6.058876
949	2482.594418	40.757487	0.606748	2.578568	6.084250
951	2484.674479	41.385943	0.635882	2.581461	5.890429
953	2486.754181	41.000275	0.724563	2.583623	5.930507
955	2488.833611	40.791307	0.583633	2.581052	5.970088
957	2490.913900	37.457347	0.956509	2.585073	6.046423
959	2492.994044	41.558096	0.620223	2.581352	6.214942
961	2495.072907	39.425356	0.753755	2.584142	5.889265
963	2497.153244	40.483102	0.642592	2.581746	5.799564
965	2499.232889	40.157447	0.729915	2.577845	5.847824
967	2501.310847	39.540326	0.657264	2.583800	5.906090
969	2503.391995	39.095978	0.780973	2.585529	5.643987
971	2505.472233	42.079149	0.677857	2.582544	5.763388
973	2507.551577	38.974615	0.776806	2.583886	5.839469
975	2509.630490	37.301601	0.946369	2.591062	5.720210
977	2511.711364	37.546347	0.739595	2.575546	5.661918
979	2513.791228	39.235838	0.685987	2.584854	5.924532
981	2515.872039	40.154870	0.742107	2.579735	5.893764
983	2517.950893	38.910671	0.718596	2.580232	5.552604
985	2520.031658	38.388579	0.785198	2.589953	5.788169
987	2522.110128	39.525515	0.694606	2.586448	5.795412
989	2524.189381	38.645807	0.718083	2.586194	5.514219
991	2526.269015	39.434362	0.724319	2.582265	5.387111
993	2528.350085	38.683936	0.753253	2.586981	5.576048
995	2530.430255	38.735244	0.849672	2.590570	5.492777
997	2532.510065	38.539711	0.708761	2.578476	5.554175
999	2534.590333	38.006864	0.711143	2.579649	5.729007
1001	2536.669570	39.182138	0.730464	2.586453	5.640005
1003	2538.749419	39.814285	2.162989	2.578056	5.432659
1005	2540.828137	37.864953	0.850039	2.592497	5.560740
1007	2542.908720	37.082327	0.811044	2.580173	5.236894
1009	2544.988172	38.664141	0.783622	2.586568	5.500154
1011	2547.068738	38.551778	0.796925	2.588626	5.595464
